1background
1
/data/image/background1

2music
1
/data/music/music1

3snake
3
12 7
11 7
11 8

4stone
1
7 24

5button
0

6map
24 39

-1	-1	-1	-1	-1	-1	-1	-1	-1	-1	-1	-1	-1	-1	-1	-1	-1	-1	-1	-1	-1	-1	-1	-1	-1	-1	-1	-1	-1	-1	-1	-1	-1	-1	-1	-1	-1	-1	-1
-1	-1	-1	-1	-1	-1	-1	-1	-1	-1	-1	-1	-1	-1	-1	-1	-1	-1	-1	-1	-1	-1	-1	-1	-1	-1	-1	-1	-1	-1	-1	-1	-1	-1	-1	-1	-1	-1	-1
-1	-1	0	0	0	0	0	0	0	0	0	0	0	0	0	0	0	0	0	0	0	0	0	0	0	0	0	0	0	0	0	0	0	0	0	0	0	-1	-1
-1	-1	0	0	0	0	0	0	0	0	0	0	0	0	0	0	0	0	0	0	0	0	0	0	0	0	0	0	0	0	0	0	0	0	0	0	0	-1	-1
-1	-1	0	0	0	0	0	0	0	0	0	0	0	0	0	0	0	0	0	0	0	0	0	0	0	0	0	0	0	0	0	0	0	0	0	0	0	-1	-1
-1	-1	0	0	0	0	0	0	0	0	0	0	0	0	0	0	0	0	0	0	0	0	0	0	0	0	0	0	0	0	0	0	0	0	0	0	0	-1	-1
-1	-1	0	0	0	0	0	0	0	0	0	0	0	0	0	0	0	0	0	0	0	0	0	0	0	0	0	0	0	0	0	0	0	0	0	0	0	-1	-1
-1	-1	0	0	0	0	0	0	0	0	0	0	0	0	0	0	0	0	0	0	0	0	0	0	6	0	0	0	0	0	0	0	0	0	0	0	0	-1	-1
-1	-1	0	0	0	0	0	0	0	0	0	0	0	0	0	0	0	0	0	0	0	0	0	0	1	0	0	0	0	0	0	0	0	0	0	0	0	-1	-1
-1	-1	0	0	0	0	0	0	0	0	0	0	0	0	0	0	1	1	0	1	1	0	0	0	1	0	0	0	0	0	0	0	0	0	0	0	0	-1	-1
-1	-1	0	0	0	0	0	0	0	0	0	0	0	0	0	0	1	5	0	1	0	0	0	0	1	5	0	0	0	0	0	0	0	0	0	0	0	-1	-1
-1	-1	0	0	0	0	0	3	2	0	0	1	0	0	0	0	0	0	0	1	0	0	0	0	0	0	0	0	0	0	0	0	0	0	0	0	0	-1	-1
-1	-1	0	0	0	0	0	3	1	1	1	1	1	0	0	1	1	1	0	1	0	0	0	0	0	0	0	0	0	0	0	0	0	0	0	0	0	-1	-1
-1	-1	0	0	0	0	0	0	0	0	0	0	0	0	0	0	0	1	1	1	1	0	0	0	1	1	1	1	1	1	1	0	0	0	0	0	0	-1	-1
-1	-1	0	0	0	0	0	0	0	0	0	0	0	0	0	0	0	0	0	0	0	0	0	0	0	0	4	0	0	0	0	0	0	0	0	0	0	-1	-1
-1	-1	0	0	0	0	0	0	0	0	0	0	0	0	0	0	0	0	0	0	0	0	0	0	0	0	0	0	0	0	0	0	0	0	0	0	0	-1	-1
-1	-1	0	0	0	0	0	0	0	0	0	0	0	0	0	0	0	0	0	0	0	0	0	0	0	0	0	0	0	0	0	1	0	0	0	0	0	-1	-1
-1	-1	0	0	0	0	0	0	0	0	0	0	0	0	0	0	0	0	0	0	0	0	0	0	0	0	0	0	0	0	0	0	0	0	0	0	0	-1	-1
-1	-1	0	0	0	0	0	0	0	0	0	0	0	0	0	0	0	0	0	0	0	0	0	0	0	0	0	0	0	0	0	0	0	0	0	0	0	-1	-1
-1	-1	0	0	0	0	0	0	0	0	0	0	0	0	0	0	0	0	0	0	0	0	0	0	0	0	0	0	0	0	0	0	0	0	0	0	0	-1	-1
-1	-1	0	0	0	0	0	0	0	0	0	0	0	0	0	0	0	0	0	0	0	0	0	0	0	0	0	0	0	0	0	0	0	0	0	0	0	-1	-1
-1	-1	0	0	0	0	0	0	0	0	0	0	0	0	0	0	0	0	0	0	0	0	0	0	0	0	0	0	0	0	0	0	0	0	0	0	0	-1	-1
-1	-1	-1	-1	-1	-1	-1	-1	-1	-1	-1	-1	-1	-1	-1	-1	-1	-1	-1	-1	-1	-1	-1	-1	-1	-1	-1	-1	-1	-1	-1	-1	-1	-1	-1	-1	-1	-1	-1
-1	-1	-1	-1	-1	-1	-1	-1	-1	-1	-1	-1	-1	-1	-1	-1	-1	-1	-1	-1	-1	-1	-1	-1	-1	-1	-1	-1	-1	-1	-1	-1	-1	-1	-1	-1	-1	-1	-1
▞▞▞▞▞▞▞▞▞▞▞▞▞▞▞▞▞▞▞▞▞▞▞▞▞▞▞▞▞▞▞▞▞▞▞▞▞▞▞▞▞▞▞▞▞▞▞▞▞▞▞▞▞▞▞▞▞▞▞▞▞▞▞▞▞▞▞▞▞▞▞▞▞▞▞▞▞▞
▞▞▞▞▞▞▞▞▞▞▞▞▞▞▞▞▞▞▞▞▞▞▞▞▞▞▞▞▞▞▞▞▞▞▞▞▞▞▞▞▞▞▞▞▞▞▞▞▞▞▞▞▞▞▞▞▞▞▞▞▞▞▞▞▞▞▞▞▞▞▞▞▞▞▞▞▞▞
▞▞▞▞                                                                      ▞▞▞▞
▞▞▞▞                                                                      ▞▞▞▞
▞▞▞▞                                                                      ▞▞▞▞
▞▞▞▞                                                                      ▞▞▞▞
▞▞▞▞                                                                      ▞▞▞▞
▞▞▞▞                                            ░░                        ▞▞▞▞
▞▞▞▞                                            ██                        ▞▞▞▞
▞▞▞▞                            ████  ████      ██                        ▞▞▞▞
▞▞▞▞                            ██ ⋄  ██        ██ ⋄                      ▞▞▞▞
▞▞▞▞          ▒▒▓▓    ██              ██                                  ▞▞▞▞
▞▞▞▞          ▒▒██████████    ██████  ██                                  ▞▞▞▞
▞▞▞▞                              ████████      ██████████████            ▞▞▞▞
▞▞▞▞                                                 ⊠                    ▞▞▞▞
▞▞▞▞                                                                      ▞▞▞▞
▞▞▞▞                                                          ██          ▞▞▞▞
▞▞▞▞                                                                      ▞▞▞▞
▞▞▞▞                                                                      ▞▞▞▞
▞▞▞▞                                                                      ▞▞▞▞
▞▞▞▞                                                                      ▞▞▞▞
▞▞▞▞                                                                      ▞▞▞▞
▞▞▞▞▞▞▞▞▞▞▞▞▞▞▞▞▞▞▞▞▞▞▞▞▞▞▞▞▞▞▞▞▞▞▞▞▞▞▞▞▞▞▞▞▞▞▞▞▞▞▞▞▞▞▞▞▞▞▞▞▞▞▞▞▞▞▞▞▞▞▞▞▞▞▞▞▞▞
▞▞▞▞▞▞▞▞▞▞▞▞▞▞▞▞▞▞▞▞▞▞▞▞▞▞▞▞▞▞▞▞▞▞▞▞▞▞▞▞▞▞▞▞▞▞▞▞▞▞▞▞▞▞▞▞▞▞▞▞▞▞▞▞▞▞▞▞▞▞▞▞▞▞▞▞▞▞
